Slayer, Version 0.02
2 1 Esc
0 0 ~ .5
2 2 F1
2 3 F2
2 4 F3
2 5 F4
0 0 ~ .5
2 6 F5
2 8 F6
2 12 F7
2 13 F8
0 0 ~ .5
2 14 F9
2 15 F10
2 16 F11
2 17 F12
0 0 ~ .5
2 18 SysRQ
2 19 ScrlK
2 11 Break


3 1 `
3 2 1
3 3 2
3 4 3
3 5 4
3 6 5
3 8 6
3 12 7
3 13 8
3 14 9
3 15 0
3 16 -
3 17 =
3 18 Back 2
0 0 ~ .5
3 19 Home
3 11 End
0 0 ~ .5
3 10 NumLk
2 9 /
3 7 *
2 7 -

4 1 Tab 1.5
4 2 Q
4 3 W
4 4 E
4 5 R
4 6 T
4 8 Y
4 12 U
4 13 I
4 14 O
4 15 P
4 16 [
4 17 ]
4 18 \ 1.5
0 0 ~ .5
4 19 Insert
4 11 PgUp
0 0 ~ .5
4 10 7
3 9 8
4 7 9
5 7 + 1 2

5 1 Caps 2
5 2 A
5 3 S
5 4 D
5 5 F
5 6 G
5 8 H
5 12 J
5 13 K
5 14 L
5 15 ;
5 16 '
5 17 Ret 2
0 0 ~ .5
5 19 Del
5 11 PgDn
0 0 ~ .5
5 10 4
4 9 5
1 7 6

1 1 Shift 2
1 2 Z
1 3 X
1 4 C
1 5 V
1 6 B
1 8 N
1 12 M
1 13 ,
1 14 .
1 15 /
1 16 Shift 3
0 0 ~ .5
1 19 ^
0 0 ~ 1.5
1 10 1
5 9 2
0 7 3
0 9 Enter 1 2

0 1 Ctrl 1.5
0 2 Start 1.5
0 3 Alt 1.5
0 6 Space 5
0 14 Alt 1.5
0 15 Menu 1.5
0 16 Ctrl 1.5
0 0 ~ .5
0 18 <
0 19 v
0 11 >
0 0 ~ .5
0 10 0 2
1 9 .
